s 0 0 -1s 0 0 -1
s 0.47 0.47 -0.75s 0.0 0.66 -0.75
s 0.0 0.66 -0.75s -0.47 0.47 -0.75
s -0.47 0.47 -0.75s -0.66 0.0 -0.75
s -0.66 0.0 -0.75s -0.47 -0.47 -0.75
s -0.47 -0.47 -0.75s -0.0 -0.66 -0.75
s -0.0 -0.66 -0.75s 0.47 -0.47 -0.75
s 0.47 -0.47 -0.75s 0.66 -0.0 -0.75
s 0.66 -0.0 -0.75s 0.47 0.47 -0.75
s 0.61 0.61 -0.5s 0.0 0.87 -0.5
s 0.0 0.87 -0.5s -0.61 0.61 -0.5
s -0.61 0.61 -0.5s -0.87 0.0 -0.5
s -0.87 0.0 -0.5s -0.61 -0.61 -0.5
s -0.61 -0.61 -0.5s -0.0 -0.87 -0.5
s -0.0 -0.87 -0.5s 0.61 -0.61 -0.5
s 0.61 -0.61 -0.5s 0.87 -0.0 -0.5
s 0.87 -0.0 -0.5s 0.61 0.61 -0.5
s 0.68 0.68 -0.25s 0.0 0.97 -0.25
s 0.0 0.97 -0.25s -0.68 0.68 -0.25
s -0.68 0.68 -0.25s -0.97 0.0 -0.25
s -0.97 0.0 -0.25s -0.68 -0.68 -0.25
s -0.68 -0.68 -0.25s -0.0 -0.97 -0.25
s -0.0 -0.97 -0.25s 0.68 -0.68 -0.25
s 0.68 -0.68 -0.25s 0.97 -0.0 -0.25
s 0.97 -0.0 -0.25s 0.68 0.68 -0.25
s 0.71 0.71 0s 0.0 1.0 0
s 0.0 1.0 0s -0.71 0.71 0
s -0.71 0.71 0s -1.0 0.0 0
s -1.0 0.0 0s -0.71 -0.71 0
s -0.71 -0.71 0s -0.0 -1.0 0
s -0.0 -1.0 0s 0.71 -0.71 0
s 0.71 -0.71 0s 1.0 -0.0 0
s 1.0 -0.0 0s 0.71 0.71 0
s 0.68 0.68 0.25s 0.0 0.97 0.25
s 0.0 0.97 0.25s -0.68 0.68 0.25
s -0.68 0.68 0.25s -0.97 0.0 0.25
s -0.97 0.0 0.25s -0.68 -0.68 0.25
s -0.68 -0.68 0.25s -0.0 -0.97 0.25
s -0.0 -0.97 0.25s 0.68 -0.68 0.25
s 0.68 -0.68 0.25s 0.97 -0.0 0.25
s 0.97 -0.0 0.25s 0.68 0.68 0.25
s 0.61 0.61 0.5s 0.0 0.87 0.5
s 0.0 0.87 0.5s -0.61 0.61 0.5
s -0.61 0.61 0.5s -0.87 0.0 0.5
s -0.87 0.0 0.5s -0.61 -0.61 0.5
s -0.61 -0.61 0.5s -0.0 -0.87 0.5
s -0.0 -0.87 0.5s 0.61 -0.61 0.5
s 0.61 -0.61 0.5s 0.87 -0.0 0.5
s 0.87 -0.0 0.5s 0.61 0.61 0.5
s 0.47 0.47 0.75s 0.0 0.66 0.75
s 0.0 0.66 0.75s -0.47 0.47 0.75
s -0.47 0.47 0.75s -0.66 0.0 0.75
s -0.66 0.0 0.75s -0.47 -0.47 0.75
s -0.47 -0.47 0.75s -0.0 -0.66 0.75
s -0.0 -0.66 0.75s 0.47 -0.47 0.75
s 0.47 -0.47 0.75s 0.66 -0.0 0.75
s 0.66 -0.0 0.75s 0.47 0.47 0.75
s 0 0 1s 0 0 1
s 0.47 0.47 -0.75s 0 0 -1
s 0.0 0.66 -0.75s 0 0 -1
s -0.47 0.47 -0.75s 0 0 -1
s -0.66 0.0 -0.75s 0 0 -1
s -0.47 -0.47 -0.75s 0 0 -1
s -0.0 -0.66 -0.75s 0 0 -1
s 0.47 -0.47 -0.75s 0 0 -1
s 0.66 -0.0 -0.75s 0 0 -1
s 0.47 0.47 -0.75s 0.61 0.61 -0.5
s 0.0 0.66 -0.75s 0.0 0.87 -0.5
s -0.47 0.47 -0.75s -0.61 0.61 -0.5
s -0.66 0.0 -0.75s -0.87 0.0 -0.5
s -0.47 -0.47 -0.75s -0.61 -0.61 -0.5
s -0.0 -0.66 -0.75s -0.0 -0.87 -0.5
s 0.47 -0.47 -0.75s 0.61 -0.61 -0.5
s 0.66 -0.0 -0.75s 0.87 -0.0 -0.5
s 0.61 0.61 -0.5s 0.68 0.68 -0.25
s 0.0 0.87 -0.5s 0.0 0.97 -0.25
s -0.61 0.61 -0.5s -0.68 0.68 -0.25
s -0.87 0.0 -0.5s -0.97 0.0 -0.25
s -0.61 -0.61 -0.5s -0.68 -0.68 -0.25
s -0.0 -0.87 -0.5s -0.0 -0.97 -0.25
s 0.61 -0.61 -0.5s 0.68 -0.68 -0.25
s 0.87 -0.0 -0.5s 0.97 -0.0 -0.25
s 0.68 0.68 -0.25s 0.71 0.71 0
s 0.0 0.97 -0.25s 0.0 1.0 0
s -0.68 0.68 -0.25s -0.71 0.71 0
s -0.97 0.0 -0.25s -1.0 0.0 0
s -0.68 -0.68 -0.25s -0.71 -0.71 0
s -0.0 -0.97 -0.25s -0.0 -1.0 0
s 0.68 -0.68 -0.25s 0.71 -0.71 0
s 0.97 -0.0 -0.25s 1.0 -0.0 0
s 0.71 0.71 0s 0.68 0.68 0.25
s 0.0 1.0 0s 0.0 0.97 0.25
s -0.71 0.71 0s -0.68 0.68 0.25
s -1.0 0.0 0s -0.97 0.0 0.25
s -0.71 -0.71 0s -0.68 -0.68 0.25
s -0.0 -1.0 0s -0.0 -0.97 0.25
s 0.71 -0.71 0s 0.68 -0.68 0.25
s 1.0 -0.0 0s 0.97 -0.0 0.25
s 0.68 0.68 0.25s 0.61 0.61 0.5
s 0.0 0.97 0.25s 0.0 0.87 0.5
s -0.68 0.68 0.25s -0.61 0.61 0.5
s -0.97 0.0 0.25s -0.87 0.0 0.5
s -0.68 -0.68 0.25s -0.61 -0.61 0.5
s -0.0 -0.97 0.25s -0.0 -0.87 0.5
s 0.68 -0.68 0.25s 0.61 -0.61 0.5
s 0.97 -0.0 0.25s 0.87 -0.0 0.5
s 0.61 0.61 0.5s 0.47 0.47 0.75
s 0.0 0.87 0.5s 0.0 0.66 0.75
s -0.61 0.61 0.5s -0.47 0.47 0.75
s -0.87 0.0 0.5s -0.66 0.0 0.75
s -0.61 -0.61 0.5s -0.47 -0.47 0.75
s -0.0 -0.87 0.5s -0.0 -0.66 0.75
s 0.61 -0.61 0.5s 0.47 -0.47 0.75
s 0.87 -0.0 0.5s 0.66 -0.0 0.75
s 0.47 0.47 0.75s 0 0 1
s 0.0 0.66 0.75s 0 0 1
s -0.47 0.47 0.75s 0 0 1
s -0.66 0.0 0.75s 0 0 1
s -0.47 -0.47 0.75s 0 0 1
s -0.0 -0.66 0.75s 0 0 1
s 0.47 -0.47 0.75s 0 0 1
s 0.66 -0.0 0.75s 0 0 1
